1 0
2 0
3 20227948
4 6478522
5 3561132
6 6207448
7 60366229
8 2407261
9 1271580
10 867758
11 1002846
12 4929561
13 15425180
14 48197326
15 1493086
16 729607
17 782744
18 1707934
19 4396635
20 5467880
21 5932743
22 423601
23 416469
24 577850
25 597282
26 679763
27 557778
28 539989
29 239661
30 241935
31 249838
32 225006
33 183446
34 158631
35 140208
36 130478
37 122330
38 117758
39 106246
40 95684
41 88573
42 84738
43 79775
44 74262
45 68597
46 64583
47 61829
48 58018
49 54121
50 50769
51 50062
52 45469
53 44432
54 40453
55 39931
56 37790
57 37499
58 35317
59 34617
60 34149
61 32074
62 30234
63 29803
64 29557
65 28161
66 27928
67 25411
68 26240
69 25085
70 25144
71 23035
72 22810
73 22473
74 22039
75 20968
76 21473
77 21018
78 20943
79 20842
80 20417
81 21617
82 21391
83 22028
84 22274
85 22849
86 24413
87 25782
88 28424
89 33061
90 46002
91 139992
