1 0
2 0
3 23114766
4 12289548
5 8013320
6 6139535
7 5742086
8 6707614
9 9559656
10 13568629
11 16471823
12 15789394
13 11754883
14 7262060
15 4156532
16 2671941
17 2251992
18 2355046
19 2685821
20 3043549
21 3272211
22 3250784
23 2951417
24 2446060
25 1927295
26 1460522
27 1105450
28 872685
29 750085
30 681548
31 638200
32 595462
33 552414
34 506087
35 460591
36 424245
37 397029
38 378819
39 363815
40 348448
41 331328
42 311779
43 297435
44 283520
45 270229
46 261818
47 252964
48 246466
49 239984
50 234195
51 230037
52 226839
53 220338
54 209695
55 203096
56 195458
57 187040
58 181271
59 179943
60 179277
61 184507
62 190863
63 202671
64 216589
65 231292
66 249702
67 268427
68 286402
69 299220
70 313057
71 321494
72 324208
73 322352
74 309721
75 293043
76 270858
77 244538
78 212968
79 181451
80 152929
81 122698
82 98066
83 77796
84 62999
85 52378
86 52039
87 53439
88 57814
89 66779
90 85857
91 310594
